
Factor Profiles (conc. of species) from Base Run #1 (Convergent Run)

		Factor 1	Factor 2	Factor 3	Factor 4	Factor 5	Factor 6
1	Ethane(ppbC)	9.484700E-001	0.000000E+000	3.252800E+000	4.219900E-001	1.219400E+000	6.954300E-001
1	Ethylene(ppbC)	4.065100E+000	7.663300E-001	3.877400E+000	1.931400E-001	8.456400E-004	3.089900E-001
1	Propane(ppbC)	1.087600E+000	5.940000E-001	3.304700E+000	5.687100E-001	1.679500E+000	1.274500E+000
1	Propylene(ppbC)	2.102400E+000	6.833400E-001	1.677200E+000	1.432200E-001	4.412900E-001	1.744100E-001
1	Isobutane(ppbC)	3.831100E-001	4.558500E-001	1.077200E+000	3.281100E-001	1.032000E+000	1.329000E+000
1	n-Butane(ppbC)	7.391700E-001	5.986500E-001	1.825600E+000	3.222500E-001	2.097100E+000	2.928600E+000
1	Acetylene(ppbC)	3.333400E-001	6.708600E-001	1.842800E+000	7.261700E-001	1.526200E-001	0.000000E+000
1	t-2-Butene(ppbC)	7.537800E-002	2.809500E-001	1.384200E-001	4.598300E-002	9.507500E-003	3.862700E-001
1	1-Butene(ppbC)	1.148500E-001	1.953400E-001	2.558100E-001	1.497100E-001	2.869600E-001	1.597200E-001
1	cis-2-Butene(ppbC)	9.818500E-002	1.385400E-001	1.254500E-001	5.663200E-002	2.399800E-002	2.045100E-001
1	Cyclopentane(ppbC)	1.622200E-001	3.924000E-003	2.190300E-001	2.967400E-001	1.616900E-001	1.725300E-001
1	Isopentane(ppbC)	1.006900E+000	5.601800E-001	1.314600E+000	6.425700E-001	2.212000E+000	3.538300E+000
1	n-Pentane(ppbC)	7.459900E-001	5.663000E-004	9.572400E-001	3.205800E-006	2.148500E+000	2.425800E+000
1	t-2-Pentene(ppbC)	7.980900E-002	2.373800E-001	1.050800E-001	1.657700E-001	1.204600E-002	2.745200E-001
1	1-Pentene(ppbC)	3.393900E-002	5.602800E-002	5.356300E-002	7.094300E-002	2.965300E-002	5.278100E-002
1	cis-2-Pentene(ppbC)	3.345000E-002	8.157200E-002	4.093000E-002	7.014400E-002	6.993700E-008	9.765900E-002
1	2,2-Dimethylbutane(ppbC)	4.896800E-002	3.516400E-002	5.657800E-002	1.169100E-001	3.623900E-002	7.153900E-002
1	2,3-Dimethylbutane(ppbC)	7.711100E-002	1.251800E-001	1.039400E-001	1.917300E-001	1.077900E-001	1.563300E-001
1	2-Methylpentane(ppbC)	2.760500E-001	1.828100E-001	3.015500E-001	6.084200E-001	2.281500E-001	6.167200E-001
1	3-Methylpentane(ppbC)	2.051100E-001	1.454100E-001	2.416900E-001	5.255500E-001	1.805300E-001	4.131200E-001
1	Isoprene(ppbC)	0.000000E+000	3.698800E-001	1.071700E-001	4.420700E-003	5.796000E-002	1.374700E-002
1	Methylcyclopentane(ppbC)	3.797400E-001	1.671600E-001	4.431400E-001	1.016900E+000	2.850400E-001	7.561500E-001
1	2,4-Dimethylpentane(ppbC)	6.874600E-001	2.283400E-001	4.502200E-001	6.819600E-001	2.623000E-001	3.865000E-001
1	Benzene(ppbC)	9.831600E-002	1.060500E-001	9.445000E-002	2.344300E-001	8.103500E-002	5.575700E-002
1	Cyclohexane(ppbC)	1.438800E+000	1.238300E-004	8.552000E-001	1.219400E+000	5.369100E-001	2.905600E-001
1	2-Methylhexane(ppbC)	7.938800E-001	2.434700E-002	2.760600E-001	2.249900E-001	1.246200E-001	1.830000E-001
1	2,3-Dimethylpentane(ppbC)	1.741000E-001	2.336900E-001	1.869400E-001	5.830400E-001	1.376400E-001	1.426600E-001
1	3-Methylhexane(ppbC)	7.086900E-002	1.096400E-001	7.662100E-002	2.388200E-001	6.040000E-002	5.713800E-002
1	2,2,4-Trimethylpentane(ppbC)	1.830200E-001	2.473400E-001	1.984400E-001	6.206400E-001	1.462800E-001	1.481900E-001
1	n-Heptane(ppbC)	2.608600E-001	3.296200E-001	2.479500E-001	8.616200E-001	2.363900E-001	6.613000E-002
1	Methylcyclohexane(ppbC)	2.300600E-001	2.125700E-001	2.154200E-001	6.146700E-001	1.812300E-001	2.065400E-001
1	2,3,4-Trimethylpentane(ppbC)	1.136200E-001	6.347600E-002	1.034000E-001	3.018200E-001	1.053100E-001	1.547900E-001
1	Toluene(ppbC)	8.583400E-002	1.752500E-001	8.552900E-002	3.045100E-001	8.855200E-002	1.385300E-002
1	2-Methylheptane(ppbC)	2.380700E+000	3.120500E+000	3.412100E+000	9.315200E+000	9.028800E-001	1.295600E-001
1	3-Methylheptane(ppbC)	6.921700E-002	1.427400E-001	6.580200E-002	2.583100E-001	3.748900E-002	4.828900E-002
1	n-Octane(ppbC)	6.441200E-002	1.024100E-001	5.173900E-002	2.286900E-001	4.279000E-002	4.349500E-002
1	Ethylbenzene(ppbC)	7.530100E-002	1.860400E-001	9.448400E-002	4.474800E-001	9.436600E-002	8.327700E-002
1	m,p-Xylene(ppbC)	5.158700E-001	1.775900E-001	2.861000E-001	9.207000E-001	5.218100E-001	3.870200E-001
1	Styrene(ppbC)	1.205900E+000	1.168000E+000	8.227800E-001	3.602600E+000	1.216900E+000	5.376700E-001
1	o-Xylene(ppbC)	1.207300E+000	5.037400E-001	0.000000E+000	5.242900E-009	7.516100E-002	1.168900E-006
1	n-Nonane(ppbC)	5.403500E-001	5.487300E-001	2.981700E-001	1.296500E+000	6.259500E-001	1.496600E-001
1	Isopropylbenzene(ppbC)	3.229200E-002	1.340900E-001	2.785300E-002	2.422100E-001	8.778700E-002	4.107200E-002
1	n-Propylbenzene(ppbC)	4.167200E-002	2.823000E-002	1.765300E-002	1.014800E-001	1.076400E-001	2.154200E-002
1	m-Ethyltoluene(ppbC)	5.450100E-002	6.598300E-002	3.216900E-002	1.794300E-001	1.162700E-001	1.186100E-002
1	p-Ethyltoluene(ppbC)	1.616500E-001	2.005700E-001	1.036100E-001	5.594100E-001	2.712600E-001	2.418500E-002
1	1,3,5-Trimethylbenzene(ppbC)	9.079300E-002	1.497300E-001	5.290500E-002	3.352200E-001	1.917200E-001	1.746400E-002
1	o-Ethyltoluene(ppbC)	7.548600E-002	1.529700E-001	4.475500E-002	3.180000E-001	1.760400E-001	2.164300E-002
1	1,2,4-Trimethylbenzene(ppbC)	1.018500E-001	1.230400E-001	5.576400E-002	2.880900E-001	1.514900E-001	1.877400E-002
1	n-Decane(ppbC)	3.653300E-001	5.249300E-001	2.216100E-001	1.064200E+000	7.395600E-001	5.885600E-002
1	1,2,3-Trimethylbenzene(ppbC)	4.492800E-002	6.401100E-002	3.598500E-002	1.878000E-001	1.280200E-001	2.906700E-002
1	m-Diethylbenzene(ppbC)	1.152500E-001	2.761100E-001	3.509500E-002	3.649300E-001	2.254500E-001	2.498400E-002
1	p-Diethylbenzene(ppbC)	2.501500E-002	4.217200E-002	4.740000E-003	8.026900E-002	3.979700E-002	1.043600E-002
1	n-Undecane(ppbC)	6.416900E-002	9.034000E-002	1.953600E-002	1.865100E-001	9.444200E-002	1.364500E-002
1	n-Dodecane(ppbC)	3.426400E-002	6.712800E-002	2.171100E-005	1.086700E-001	1.838800E-001	2.654900E-002

Factor Profiles (% of species sum) from Base Run #1 (Convergent Run)

		Factor 1	Factor 2	Factor 3	Factor 4	Factor 5	Factor 6
1	Ethane(ppbC)	1.450684E+001	0.000000E+000	4.975153E+001	6.454331E+000	1.865071E+001	1.063659E+001
1	Ethylene(ppbC)	4.412924E+001	8.318998E+000	4.209164E+001	2.096657E+000	9.179959E-003	3.354283E+000
1	Propane(ppbC)	1.278175E+001	6.980835E+000	3.883765E+001	6.683621E+000	1.973790E+001	1.497824E+001
1	Propylene(ppbC)	4.026152E+001	1.308614E+001	3.211882E+001	2.742701E+000	8.450820E+000	3.339998E+000
1	Isobutane(ppbC)	8.318948E+000	9.898442E+000	2.339059E+001	7.124664E+000	2.240911E+001	2.885824E+001
1	n-Butane(ppbC)	8.684501E+000	7.033533E+000	2.144896E+001	3.786112E+000	2.463881E+001	3.440809E+001
1	Acetylene(ppbC)	8.946827E+000	1.800585E+001	4.946065E+001	1.949036E+001	4.096313E+000	0.000000E+000
1	t-2-Butene(ppbC)	8.048833E+000	2.999973E+001	1.478043E+001	4.910046E+000	1.015207E+000	4.124575E+001
1	1-Butene(ppbC)	9.880505E+000	1.680503E+001	2.200724E+001	1.287950E+001	2.468707E+001	1.374065E+001
1	cis-2-Butene(ppbC)	1.516804E+001	2.140225E+001	1.938005E+001	8.748755E+000	3.707314E+000	3.159358E+001
1	Cyclopentane(ppbC)	1.596443E+001	3.861696E-001	2.155523E+001	2.920284E+001	1.591227E+001	1.697906E+001
1	Isopentane(ppbC)	1.085659E+001	6.039969E+000	1.417427E+001	6.928315E+000	2.385021E+001	3.815064E+001
1	n-Pentane(ppbC)	1.188242E+001	9.020246E-003	1.524729E+001	5.106322E-005	3.422214E+001	3.863908E+001
1	t-2-Pentene(ppbC)	9.125148E+000	2.714140E+001	1.201457E+001	1.895370E+001	1.377307E+000	3.138788E+001
1	1-Pentene(ppbC)	1.143085E+001	1.887056E+001	1.804033E+001	2.389401E+001	9.987303E+000	1.777695E+001
1	cis-2-Pentene(ppbC)	1.033188E+001	2.519559E+001	1.264227E+001	2.166576E+001	2.160182E-005	3.016447E+001
1	2,2-Dimethylbutane(ppbC)	1.340128E+001	9.623479E+000	1.548394E+001	3.199525E+001	9.917679E+000	1.957838E+001
1	2,3-Dimethylbutane(ppbC)	1.011848E+001	1.642607E+001	1.363897E+001	2.515874E+001	1.414417E+001	2.051357E+001
1	2-Methylpentane(ppbC)	1.247007E+001	8.258120E+000	1.362199E+001	2.748430E+001	1.030627E+001	2.785924E+001
1	3-Methylpentane(ppbC)	1.198485E+001	8.496503E+000	1.412227E+001	3.070860E+001	1.054861E+001	2.413916E+001
1	Isoprene(ppbC)	0.000000E+000	6.686459E+001	1.937352E+001	7.991465E-001	1.047765E+001	2.485096E+000
1	Methylcyclopentane(ppbC)	1.245813E+001	5.484018E+000	1.453809E+001	3.336144E+001	9.351307E+000	2.480701E+001
1	2,4-Dimethylpentane(ppbC)	2.549188E+001	8.467134E+000	1.669473E+001	2.528794E+001	9.726415E+000	1.433191E+001
1	Benzene(ppbC)	1.467320E+001	1.582746E+001	1.409622E+001	3.498757E+001	1.209409E+001	8.321468E+000
1	Cyclohexane(ppbC)	3.314449E+001	2.852573E-003	1.970056E+001	2.809034E+001	1.236837E+001	6.693398E+000
1	2-Methylhexane(ppbC)	4.879719E+001	1.496530E+000	1.696850E+001	1.382939E+001	7.659981E+000	1.124841E+001
1	2,3-Dimethylpentane(ppbC)	1.194044E+001	1.602735E+001	1.282106E+001	3.998711E+001	9.439876E+000	9.784166E+000
1	3-Methylhexane(ppbC)	1.155182E+001	1.787158E+001	1.248940E+001	3.892823E+001	9.845344E+000	9.313629E+000
1	2,2,4-Trimethylpentane(ppbC)	1.185432E+001	1.602036E+001	1.285308E+001	4.019923E+001	9.474646E+000	9.598357E+000
1	n-Heptane(ppbC)	1.302626E+001	1.645985E+001	1.238159E+001	4.302571E+001	1.180433E+001	3.302257E+000
1	Methylcyclohexane(ppbC)	1.385495E+001	1.280164E+001	1.297328E+001	3.701739E+001	1.091425E+001	1.243850E+001
1	2,3,4-Trimethylpentane(ppbC)	1.348740E+001	7.534995E+000	1.227422E+001	3.582790E+001	1.250095E+001	1.837453E+001
1	Toluene(ppbC)	1.139095E+001	2.325727E+001	1.135047E+001	4.041124E+001	1.175165E+001	1.838419E+000
1	2-Methylheptane(ppbC)	1.236025E+001	1.620118E+001	1.771513E+001	4.836316E+001	4.687622E+000	6.726567E-001
1	3-Methylheptane(ppbC)	1.113087E+001	2.295420E+001	1.058170E+001	4.153916E+001	6.028653E+000	7.765415E+000
1	n-Octane(ppbC)	1.207266E+001	1.919458E+001	9.697377E+000	4.286309E+001	8.020078E+000	8.152215E+000
1	Ethylbenzene(ppbC)	7.676350E+000	1.896533E+001	9.631907E+000	4.561710E+001	9.619878E+000	8.489441E+000
1	m,p-Xylene(ppbC)	1.836431E+001	6.321976E+000	1.018479E+001	3.277574E+001	1.857577E+001	1.377742E+001
1	Styrene(ppbC)	1.409775E+001	1.365467E+001	9.618827E+000	4.211671E+001	1.422634E+001	6.285707E+000
1	o-Xylene(ppbC)	6.759033E+001	2.820173E+001	0.000000E+000	2.935222E-007	4.207866E+000	6.544052E-005
1	n-Nonane(ppbC)	1.561994E+001	1.586218E+001	8.619225E+000	3.747803E+001	1.809439E+001	4.326234E+000
1	Isopropylbenzene(ppbC)	5.712325E+000	2.371998E+001	4.927083E+000	4.284597E+001	1.552917E+001	7.265471E+000
1	n-Propylbenzene(ppbC)	1.309547E+001	8.871305E+000	5.547472E+000	3.189019E+001	3.382597E+001	6.769594E+000
1	m-Ethyltoluene(ppbC)	1.184253E+001	1.433746E+001	6.990009E+000	3.898838E+001	2.526433E+001	2.577279E+000
1	p-Ethyltoluene(ppbC)	1.223986E+001	1.518682E+001	7.845171E+000	4.235756E+001	2.053934E+001	1.831247E+000
1	1,3,5-Trimethylbenzene(ppbC)	1.083666E+001	1.787112E+001	6.314512E+000	4.001041E+001	2.288287E+001	2.084427E+000
1	o-Ethyltoluene(ppbC)	9.568586E+000	1.939044E+001	5.673132E+000	4.030960E+001	2.231479E+001	2.743461E+000
1	1,2,4-Trimethylbenzene(ppbC)	1.378199E+001	1.664935E+001	7.545791E+000	3.898334E+001	2.049910E+001	2.540433E+000
1	n-Decane(ppbC)	1.228212E+001	1.764775E+001	7.450363E+000	3.577761E+001	2.486345E+001	1.978695E+000
1	1,2,3-Trimethylbenzene(ppbC)	9.172518E+000	1.306851E+001	7.346711E+000	3.834132E+001	2.613661E+001	5.934330E+000
1	m-Diethylbenzene(ppbC)	1.106238E+001	2.650268E+001	3.368627E+000	3.502816E+001	2.164004E+001	2.398113E+000
1	p-Diethylbenzene(ppbC)	1.235742E+001	2.083298E+001	2.341562E+000	3.965292E+001	1.965973E+001	5.155388E+000
1	n-Undecane(ppbC)	1.369254E+001	1.927698E+001	4.168641E+000	3.979797E+001	2.015227E+001	2.911604E+000
1	n-Dodecane(ppbC)	8.148149E+000	1.596337E+001	5.162983E-003	2.584226E+001	4.372757E+001	6.313483E+000

Factor Profiles (% of factor total) from Base Run #1 (Convergent Run)

		Factor 1	Factor 2	Factor 3	Factor 4	Factor 5	Factor 6
1	Ethane(ppbC)	3.887179E+000	0.000000E+000	1.091727E+001	1.292956E+000	5.979155E+000	3.574594E+000
1	Ethylene(ppbC)	1.666027E+001	4.804994E+000	1.301360E+001	5.917712E-001	4.146475E-003	1.588246E+000
1	Propane(ppbC)	4.457385E+000	3.724461E+000	1.109146E+001	1.742499E+000	8.235189E+000	6.551085E+000
1	Propylene(ppbC)	8.616408E+000	4.284636E+000	5.629134E+000	4.388188E-001	2.163803E+000	8.964885E-001
1	Isobutane(ppbC)	1.570126E+000	2.858242E+000	3.615373E+000	1.005312E+000	5.060265E+000	6.831221E+000
1	n-Butane(ppbC)	3.029390E+000	3.753618E+000	6.127204E+000	9.873577E-001	1.028283E+001	1.505336E+001
1	Acetylene(ppbC)	1.366150E+000	4.206384E+000	6.184932E+000	2.224948E+000	7.483504E-001	0.000000E+000
1	t-2-Butene(ppbC)	3.089268E-001	1.761595E+000	4.645747E-001	1.408896E-001	4.661867E-002	1.985475E+000
1	1-Butene(ppbC)	4.706975E-001	1.224809E+000	8.585671E-001	4.587039E-001	1.407068E+000	8.209801E-001
1	cis-2-Butene(ppbC)	4.023982E-001	8.686647E-001	4.210439E-001	1.735176E-001	1.176708E-001	1.051206E+000
1	Cyclopentane(ppbC)	6.648372E-001	2.460402E-002	7.351235E-001	9.091963E-001	7.928239E-001	8.868251E-001
1	Isopentane(ppbC)	4.126646E+000	3.512405E+000	4.412151E+000	1.968802E+000	1.084623E+001	1.818729E+001
1	n-Pentane(ppbC)	3.057341E+000	3.550779E-003	3.212754E+000	9.822409E-006	1.053486E+001	1.246891E+001
1	t-2-Pentene(ppbC)	3.270866E-001	1.488405E+000	3.526767E-001	5.079109E-001	5.906585E-002	1.411066E+000
1	1-Pentene(ppbC)	1.390945E-001	3.513032E-001	1.797718E-001	2.173658E-001	1.453993E-001	2.713007E-001
1	cis-2-Pentene(ppbC)	1.370904E-001	5.114676E-001	1.373721E-001	2.149177E-001	3.429261E-007	5.019791E-001
1	2,2-Dimethylbutane(ppbC)	2.006889E-001	2.204831E-001	1.898910E-001	3.582063E-001	1.776928E-001	3.677191E-001
1	2,3-Dimethylbutane(ppbC)	3.160292E-001	7.848957E-001	3.488506E-001	5.874510E-001	5.285329E-001	8.035551E-001
1	2-Methylpentane(ppbC)	1.131354E+000	1.146244E+000	1.012083E+000	1.864168E+000	1.118701E+000	3.170016E+000
1	3-Methylpentane(ppbC)	8.406162E-001	9.117406E-001	8.111766E-001	1.610259E+000	8.852032E-001	2.123487E+000
1	Isoprene(ppbC)	0.000000E+000	2.319198E+000	3.596913E-001	1.354480E-002	2.841986E-001	7.066125E-002
1	Methylcyclopentane(ppbC)	1.556314E+000	1.048116E+000	1.487297E+000	3.115730E+000	1.397653E+000	3.886703E+000
1	2,4-Dimethylpentane(ppbC)	2.817464E+000	1.431723E+000	1.511059E+000	2.089491E+000	1.286151E+000	1.986657E+000
1	Benzene(ppbC)	4.029351E-001	6.649480E-001	3.169996E-001	7.182816E-001	3.973436E-001	2.865977E-001
1	Cyclohexane(ppbC)	5.896731E+000	7.764311E-004	2.870281E+000	3.736180E+000	2.632662E+000	1.493514E+000
1	2-Methylhexane(ppbC)	3.253612E+000	1.526590E-001	9.265316E-001	6.893580E-001	6.110564E-001	9.406422E-001
1	2,3-Dimethylpentane(ppbC)	7.135258E-001	1.465268E+000	6.274208E-001	1.786405E+000	6.748981E-001	7.332897E-001
1	3-Methylhexane(ppbC)	2.904472E-001	6.874578E-001	2.571607E-001	7.317324E-001	2.961628E-001	2.936963E-001
1	2,2,4-Trimethylpentane(ppbC)	7.500832E-001	1.550856E+000	6.660179E-001	1.901610E+000	7.172632E-001	7.617146E-001
1	n-Heptane(ppbC)	1.069100E+000	2.066762E+000	8.321868E-001	2.639960E+000	1.159105E+000	3.399162E-001
1	Methylcyclohexane(ppbC)	9.428704E-001	1.332843E+000	7.230074E-001	1.883318E+000	8.886355E-001	1.061641E+000
1	2,3,4-Trimethylpentane(ppbC)	4.656565E-001	3.980032E-001	3.470382E-001	9.247612E-001	5.163726E-001	7.956393E-001
1	Toluene(ppbC)	3.517793E-001	1.098842E+000	2.870583E-001	9.330032E-001	4.342021E-001	7.120610E-002
1	2-Methylheptane(ppbC)	9.756984E+000	1.956596E+001	1.145192E+001	2.854130E+001	4.427144E+000	6.659541E-001
1	3-Methylheptane(ppbC)	2.836767E-001	8.949993E-001	2.208492E-001	7.914488E-001	1.838220E-001	2.482113E-001
1	n-Octane(ppbC)	2.639841E-001	6.421247E-001	1.736500E-001	7.006946E-001	2.098147E-001	2.235696E-001
1	Ethylbenzene(ppbC)	3.086112E-001	1.166496E+000	3.171137E-001	1.371056E+000	4.627103E-001	4.280539E-001
1	m,p-Xylene(ppbC)	2.114225E+000	1.113514E+000	9.602284E-001	2.820978E+000	2.558621E+000	1.989330E+000
1	Styrene(ppbC)	4.942222E+000	7.323520E+000	2.761471E+000	1.103818E+001	5.966896E+000	2.763689E+000
1	o-Xylene(ppbC)	4.947959E+000	3.158519E+000	0.000000E+000	1.606398E-008	3.685413E-001	6.008288E-006
1	n-Nonane(ppbC)	2.214553E+000	3.440612E+000	1.000739E+000	3.972410E+000	3.069257E+000	7.692705E-001
1	Isopropylbenzene(ppbC)	1.323445E-001	8.407627E-001	9.348215E-002	7.421192E-001	4.304511E-001	2.111151E-001
1	n-Propylbenzene(ppbC)	1.707872E-001	1.770060E-001	5.924821E-002	3.109296E-001	5.277974E-001	1.107285E-001
1	m-Ethyltoluene(ppbC)	2.233651E-001	4.137225E-001	1.079678E-001	5.497645E-001	5.701134E-001	6.096698E-002
1	p-Ethyltoluene(ppbC)	6.625011E-001	1.257601E+000	3.477430E-001	1.714004E+000	1.330085E+000	1.243138E-001
1	1,3,5-Trimethylbenzene(ppbC)	3.721031E-001	9.388276E-001	1.775634E-001	1.027097E+000	9.400718E-001	8.976708E-002
1	o-Ethyltoluene(ppbC)	3.093694E-001	9.591429E-001	1.502098E-001	9.743359E-001	8.631871E-001	1.112476E-001
1	1,2,4-Trimethylbenzene(ppbC)	4.174187E-001	7.714776E-001	1.871590E-001	8.826932E-001	7.428097E-001	9.650064E-002
1	n-Decane(ppbC)	1.497257E+000	3.291383E+000	7.437827E-001	3.260655E+000	3.626327E+000	3.025270E-001
1	1,2,3-Trimethylbenzene(ppbC)	1.841315E-001	4.013577E-001	1.207753E-001	5.754097E-001	6.277279E-001	1.494079E-001
1	m-Diethylbenzene(ppbC)	4.723369E-001	1.731248E+000	1.177882E-001	1.118127E+000	1.105462E+000	1.284208E-001
1	p-Diethylbenzene(ppbC)	1.025207E-001	2.644242E-001	1.590871E-002	2.459401E-001	1.951389E-001	5.364231E-002
1	n-Undecane(ppbC)	2.629882E-001	5.664442E-001	6.556807E-002	5.714572E-001	4.630829E-001	7.013696E-002
1	n-Dodecane(ppbC)	1.404265E-001	4.209017E-001	7.286795E-005	3.329594E-001	9.016294E-001	1.364651E-001
