
Factor Profiles (conc. of species) from Base Run #10 (Convergent Run)

		Factor 1	Factor 2	Factor 3	Factor 4	Factor 5	Factor 6	Factor 7	Factor 8
10	Ethane(ppbC)	4.073000E-001	2.295100E+000	0.000000E+000	1.220700E+000	9.474500E-001	0.000000E+000	8.380200E-001	0.000000E+000
10	Ethylene(ppbC)	0.000000E+000	3.059500E+000	2.973100E-001	1.225600E+000	1.444700E+000	0.000000E+000	0.000000E+000	2.228500E+000
10	Propane(ppbC)	1.426100E+000	2.391900E+000	5.529900E-001	2.384000E+000	6.794700E-003	2.606700E-001	9.781700E-001	6.432700E-001
10	Propylene(ppbC)	0.000000E+000	1.091700E+000	6.297900E-001	0.000000E+000	9.644800E-001	2.025500E-001	4.511100E-001	1.561400E+000
10	Isobutane(ppbC)	1.640800E+000	5.119800E-001	3.210300E-001	1.058000E+000	0.000000E+000	4.112200E-001	5.705300E-001	5.127000E-001
10	n-Butane(ppbC)	3.417400E+000	7.123000E-001	3.511400E-001	1.454800E+000	1.866500E-001	5.763500E-001	1.219600E+000	9.256500E-001
10	Acetylene(ppbC)	2.707900E-002	1.557500E+000	3.950500E-001	1.810600E+000	0.000000E+000	1.376000E-001	1.292500E-002	0.000000E+000
10	t-2-Butene(ppbC)	3.991200E-001	1.680200E-002	1.342100E-001	6.658000E-002	1.940400E-001	2.636800E-002	0.000000E+000	2.196100E-002
10	1-Butene(ppbC)	1.789800E-001	1.216700E-001	2.102000E-001	9.793200E-002	2.429900E-001	5.035400E-002	1.763100E-001	2.251700E-002
10	cis-2-Butene(ppbC)	2.024700E-001	4.370600E-002	6.390200E-002	3.662500E-002	1.709400E-001	1.419000E-003	1.149500E-002	3.372700E-002
10	Cyclopentane(ppbC)	1.530100E-001	8.894000E-002	1.936400E-002	1.329100E-001	2.591300E-001	3.760900E-003	1.301700E-001	9.585900E-002
10	Isopentane(ppbC)	3.637500E+000	2.535000E-001	6.770900E-001	1.298400E+000	3.661200E-001	1.929400E-001	1.591900E+000	1.305500E+000
10	n-Pentane(ppbC)	2.643800E+000	0.000000E+000	3.735500E-001	0.000000E+000	4.018500E-001	0.000000E+000	1.630700E+000	9.230200E-001
10	t-2-Pentene(ppbC)	2.626100E-001	0.000000E+000	1.381500E-001	6.213800E-002	2.819300E-001	2.552200E-002	3.594300E-003	1.764800E-003
10	1-Pentene(ppbC)	4.610200E-002	1.687700E-002	4.613000E-002	2.191500E-002	9.809600E-002	1.438400E-002	2.553900E-002	0.000000E+000
10	cis-2-Pentene(ppbC)	9.247000E-002	2.174200E-003	5.052500E-002	3.486700E-002	9.439700E-002	1.715000E-002	0.000000E+000	9.282000E-003
10	2,2-Dimethylbutane(ppbC)	6.005100E-002	1.001400E-002	2.166700E-002	1.761100E-002	1.378300E-001	3.913200E-003	3.754800E-002	9.128100E-003
10	2,3-Dimethylbutane(ppbC)	1.643300E-001	3.732400E-002	9.865100E-002	1.729900E-001	1.494300E-001	4.625600E-002	5.078500E-002	4.799800E-002
10	2-Methylpentane(ppbC)	6.551700E-001	8.204000E-002	1.102700E-001	6.258300E-001	2.675300E-001	1.112600E-001	1.100100E-001	3.347100E-001
10	3-Methylpentane(ppbC)	4.435400E-001	9.147800E-002	1.012700E-001	5.614600E-001	1.870500E-001	1.014800E-001	7.910400E-002	2.575400E-001
10	Isoprene(ppbC)	2.854000E-002	4.058500E-002	3.019100E-001	0.000000E+000	8.673400E-002	2.425900E-001	0.000000E+000	0.000000E+000
10	Methylcyclopentane(ppbC)	7.848000E-001	7.013800E-002	3.950400E-002	5.502600E-001	6.493500E-001	1.395400E-001	2.131900E-001	4.203900E-001
10	2,4-Dimethylpentane(ppbC)	3.426100E-001	2.460700E-001	1.238500E-001	4.149000E-001	5.489700E-001	1.410800E-001	1.700200E-001	5.763800E-001
10	Benzene(ppbC)	5.160100E-002	6.698900E-002	1.102600E-001	2.429200E-001	9.571600E-002	4.666200E-002	3.264400E-002	7.595100E-002
10	Cyclohexane(ppbC)	1.501800E-001	6.874800E-001	2.843700E-001	1.286700E+000	4.720600E-001	0.000000E+000	2.937700E-001	1.227800E+000
10	2-Methylhexane(ppbC)	1.379600E-001	1.949400E-001	0.000000E+000	1.851500E-001	3.740300E-001	1.597400E-002	4.531500E-002	5.493700E-001
10	2,3-Dimethylpentane(ppbC)	1.666100E-001	1.358000E-001	2.582200E-001	6.771300E-001	1.399100E-001	7.973100E-002	1.818800E-002	1.863000E-001
10	3-Methylhexane(ppbC)	6.587400E-002	5.994200E-002	1.166900E-001	3.009800E-001	5.299300E-002	4.516000E-002	5.602100E-003	7.010000E-002
10	2,2,4-Trimethylpentane(ppbC)	1.690500E-001	1.263200E-001	2.719200E-001	6.560800E-001	1.706900E-001	1.074100E-001	2.657800E-002	2.133800E-001
10	n-Heptane(ppbC)	8.775500E-002	2.689800E-001	3.790200E-001	1.160100E+000	1.001300E-001	1.134900E-001	3.193900E-002	2.266300E-001
10	Methylcyclohexane(ppbC)	2.323200E-001	1.166100E-001	2.187700E-001	6.076900E-001	2.512400E-001	9.712900E-002	5.675300E-002	2.118500E-001
10	2,3,4-Trimethylpentane(ppbC)	1.595600E-001	1.635900E-002	6.171000E-002	1.796900E-001	2.078400E-001	4.156800E-002	5.900100E-002	9.279300E-002
10	Toluene(ppbC)	2.760700E-002	1.045600E-001	1.860100E-001	4.716600E-001	2.801400E-002	5.810900E-002	0.000000E+000	6.284400E-002
10	2-Methylheptane(ppbC)	0.000000E+000	2.718800E+000	4.014700E+000	8.785200E+000	1.790800E+000	3.878200E-001	2.851600E-002	3.187000E+000
10	3-Methylheptane(ppbC)	4.576300E-002	4.747900E-002	1.028700E-001	2.325800E-001	1.526900E-001	3.932100E-002	1.120600E-002	1.463700E-002
10	n-Octane(ppbC)	4.489800E-002	4.045100E-002	9.442000E-002	2.620400E-001	7.157300E-002	5.245700E-002	3.692400E-003	5.030000E-002
10	Ethylbenzene(ppbC)	5.923100E-002	4.864900E-002	1.269100E-001	3.771500E-001	1.773500E-001	1.720000E-001	4.530600E-002	8.140200E-002
10	m,p-Xylene(ppbC)	4.209400E-001	1.466300E-001	4.131800E-001	1.051000E+000	2.081200E-001	2.354600E-002	3.088000E-001	5.584800E-001
10	Styrene(ppbC)	5.652800E-001	4.541500E-001	1.749100E+000	3.189100E+000	1.167300E+000	1.984300E-001	7.433600E-001	1.267500E+000
10	o-Xylene(ppbC)	1.127000E-002	0.000000E+000	8.875300E-001	1.341000E-001	0.000000E+000	0.000000E+000	0.000000E+000	1.071500E+000
10	n-Nonane(ppbC)	1.692600E-001	1.757400E-001	8.703300E-001	1.211400E+000	4.450400E-001	5.986200E-002	3.852400E-001	5.255400E-001
10	Isopropylbenzene(ppbC)	5.046800E-003	0.000000E+000	9.247700E-002	2.099200E-001	6.993300E-002	2.245600E-001	5.372000E-002	6.660000E-002
10	n-Propylbenzene(ppbC)	0.000000E+000	2.589100E-003	0.000000E+000	9.698500E-002	0.000000E+000	1.659700E-001	7.845400E-002	8.363700E-002
10	m-Ethyltoluene(ppbC)	9.837400E-003	2.978700E-002	1.157300E-001	2.318800E-001	0.000000E+000	4.773100E-002	6.493100E-002	8.008200E-002
10	p-Ethyltoluene(ppbC)	1.914900E-002	9.521900E-002	3.107300E-001	6.323600E-001	6.665700E-002	1.046100E-001	1.347200E-001	2.115100E-001
10	1,3,5-Trimethylbenzene(ppbC)	9.307000E-003	3.626900E-002	2.240500E-001	3.391300E-001	1.060500E-001	7.200100E-002	1.113100E-001	8.123000E-002
10	o-Ethyltoluene(ppbC)	8.337400E-003	2.540300E-002	1.858000E-001	2.604500E-001	1.542400E-001	6.382300E-002	1.204600E-001	3.928200E-002
10	1,2,4-Trimethylbenzene(ppbC)	1.212100E-003	3.201800E-002	1.751600E-001	2.565300E-001	1.205200E-001	7.567400E-002	9.277500E-002	8.016300E-002
10	n-Decane(ppbC)	4.361100E-002	1.553300E-001	7.491900E-001	8.800400E-001	5.580300E-001	1.013900E-002	4.996000E-001	2.132100E-001
10	1,2,3-Trimethylbenzene(ppbC)	5.643300E-003	6.764500E-003	8.511200E-002	1.420600E-001	9.435700E-002	9.600100E-002	8.773500E-002	3.588500E-002
10	m-Diethylbenzene(ppbC)	1.954400E-002	8.119600E-003	3.137800E-001	2.685400E-001	2.306900E-001	9.247700E-002	1.346500E-001	6.589800E-002
10	p-Diethylbenzene(ppbC)	4.524800E-003	0.000000E+000	4.443900E-002	4.942600E-002	6.136100E-002	1.069200E-002	3.318600E-002	0.000000E+000
10	n-Undecane(ppbC)	7.122900E-003	1.455500E-002	1.097100E-001	1.653200E-001	6.910300E-002	4.360100E-002	5.492200E-002	6.050300E-002
10	n-Dodecane(ppbC)	2.498000E-002	4.524300E-003	8.698900E-002	1.126900E-001	2.709500E-002	3.465100E-002	1.211200E-001	3.691800E-002

Factor Profiles (% of species sum) from Base Run #10 (Convergent Run)

		Factor 1	Factor 2	Factor 3	Factor 4	Factor 5	Factor 6	Factor 7	Factor 8
10	Ethane(ppbC)	7.134887E+000	4.020446E+001	0.000000E+000	2.138364E+001	1.659698E+001	0.000000E+000	1.468003E+001	0.000000E+000
10	Ethylene(ppbC)	0.000000E+000	3.705965E+001	3.601309E+000	1.484566E+001	1.749961E+001	0.000000E+000	0.000000E+000	2.699376E+001
10	Propane(ppbC)	1.649835E+001	2.767155E+001	6.397463E+000	2.758016E+001	7.860693E-002	3.015655E+000	1.131631E+001	7.441900E+000
10	Propylene(ppbC)	0.000000E+000	2.227491E+001	1.285016E+001	0.000000E+000	1.967913E+001	4.132805E+000	9.204391E+000	3.185861E+001
10	Isobutane(ppbC)	3.264455E+001	1.018610E+001	6.387055E+000	2.104945E+001	0.000000E+000	8.181431E+000	1.135098E+001	1.020043E+001
10	n-Butane(ppbC)	3.864137E+001	8.054148E+000	3.970425E+000	1.644978E+001	2.110497E+000	6.516929E+000	1.379031E+001	1.046655E+001
10	Acetylene(ppbC)	6.871527E-001	3.952289E+001	1.002473E+001	4.594552E+001	0.000000E+000	3.491718E+000	3.279829E-001	0.000000E+000
10	t-2-Butene(ppbC)	4.645895E+001	1.955811E+000	1.562251E+001	7.750142E+000	2.258693E+001	3.069326E+000	0.000000E+000	2.556336E+000
10	1-Butene(ppbC)	1.625682E+001	1.105133E+001	1.909255E+001	8.895203E+000	2.207088E+001	4.573674E+000	1.601431E+001	2.045228E+000
10	cis-2-Butene(ppbC)	3.588087E+001	7.745390E+000	1.132444E+001	6.490526E+000	3.029326E+001	2.514691E-001	2.037095E+000	5.976955E+000
10	Cyclopentane(ppbC)	1.732560E+001	1.007084E+001	2.192621E+000	1.504964E+001	2.934176E+001	4.258536E-001	1.473939E+001	1.085429E+001
10	Isopentane(ppbC)	3.901662E+001	2.719096E+000	7.262615E+000	1.392692E+001	3.927083E+000	2.069517E+000	1.707507E+001	1.400308E+001
10	n-Pentane(ppbC)	4.426311E+001	0.000000E+000	6.254060E+000	0.000000E+000	6.727865E+000	0.000000E+000	2.730155E+001	1.545341E+001
10	t-2-Pentene(ppbC)	3.385419E+001	0.000000E+000	1.780951E+001	8.010477E+000	3.634481E+001	3.290151E+000	4.633567E-001	2.275080E-001
10	1-Pentene(ppbC)	1.713555E+001	6.272975E+000	1.714596E+001	8.145538E+000	3.646109E+001	5.346357E+000	9.492535E+000	0.000000E+000
10	cis-2-Pentene(ppbC)	3.073469E+001	7.226492E-001	1.679324E+001	1.158891E+001	3.137518E+001	5.700227E+000	0.000000E+000	3.085103E+000
10	2,2-Dimethylbutane(ppbC)	2.016743E+001	3.363085E+000	7.276609E+000	5.914449E+000	4.628860E+001	1.314203E+000	1.261006E+001	3.065566E+000
10	2,3-Dimethylbutane(ppbC)	2.140371E+001	4.861390E+000	1.284913E+001	2.253166E+001	1.946301E+001	6.024768E+000	6.614663E+000	6.251661E+000
10	2-Methylpentane(ppbC)	2.852509E+001	3.571895E+000	4.800986E+000	2.724767E+001	1.164784E+001	4.844089E+000	4.789666E+000	1.457276E+001
10	3-Methylpentane(ppbC)	2.433127E+001	5.018207E+000	5.555367E+000	3.080000E+001	1.026100E+001	5.566886E+000	4.339407E+000	1.412787E+001
10	Isoprene(ppbC)	4.075053E+000	5.794885E+000	4.310789E+001	0.000000E+000	1.238422E+001	3.463795E+001	0.000000E+000	0.000000E+000
10	Methylcyclopentane(ppbC)	2.737192E+001	2.446243E+000	1.377804E+000	1.919173E+001	2.264775E+001	4.866817E+000	7.435550E+000	1.466218E+001
10	2,4-Dimethylpentane(ppbC)	1.336295E+001	9.597563E+000	4.830569E+000	1.618250E+001	2.141169E+001	5.502598E+000	6.631356E+000	2.248077E+001
10	Benzene(ppbC)	7.139606E+000	9.268717E+000	1.525577E+001	3.361084E+001	1.324343E+001	6.456237E+000	4.516682E+000	1.050871E+001
10	Cyclohexane(ppbC)	3.411352E+000	1.561617E+001	6.459490E+000	2.922750E+001	1.072289E+001	0.000000E+000	6.673012E+000	2.788959E+001
10	2-Methylhexane(ppbC)	9.180570E+000	1.297231E+001	0.000000E+000	1.232084E+001	2.488988E+001	1.062992E+000	3.015494E+000	3.655791E+001
10	2,3-Dimethylpentane(ppbC)	1.002534E+001	8.171424E+000	1.553774E+001	4.074460E+001	8.418734E+000	4.797613E+000	1.094417E+000	1.121013E+001
10	3-Methylhexane(ppbC)	9.183079E+000	8.356136E+000	1.626702E+001	4.195773E+001	7.387420E+000	6.295471E+000	7.809535E-001	9.772199E+000
10	2,2,4-Trimethylpentane(ppbC)	9.707550E+000	7.253817E+000	1.561477E+001	3.767483E+001	9.801726E+000	6.167927E+000	1.526219E+000	1.225316E+001
10	n-Heptane(ppbC)	3.705801E+000	1.135874E+001	1.600562E+001	4.898980E+001	4.228384E+000	4.792563E+000	1.348750E+000	9.570346E+000
10	Methylcyclohexane(ppbC)	1.296167E+001	6.505940E+000	1.220568E+001	3.390442E+001	1.401726E+001	5.419050E+000	3.166380E+000	1.181960E+001
10	2,3,4-Trimethylpentane(ppbC)	1.949370E+001	1.998605E+000	7.539208E+000	2.195301E+001	2.539214E+001	5.078428E+000	7.208245E+000	1.133667E+001
10	Toluene(ppbC)	2.940656E+000	1.113758E+001	1.981351E+001	5.024052E+001	2.984010E+000	6.189684E+000	0.000000E+000	6.694049E+000
10	2-Methylheptane(ppbC)	0.000000E+000	1.300063E+001	1.919730E+001	4.200865E+001	8.563162E+000	1.854459E+000	1.363564E-001	1.523944E+001
10	3-Methylheptane(ppbC)	7.078074E+000	7.343483E+000	1.591070E+001	3.597269E+001	2.361626E+001	6.081702E+000	1.733210E+000	2.263876E+000
10	n-Octane(ppbC)	7.243583E+000	6.526130E+000	1.523317E+001	4.227601E+001	1.154717E+001	8.463108E+000	5.957104E-001	8.115110E+000
10	Ethylbenzene(ppbC)	5.444036E+000	4.471424E+000	1.166454E+001	3.466459E+001	1.630058E+001	1.580885E+001	4.164162E+000	7.481815E+000
10	m,p-Xylene(ppbC)	1.344557E+001	4.683623E+000	1.319770E+001	3.357081E+001	6.647723E+000	7.521011E-001	9.863622E+000	1.783884E+001
10	Styrene(ppbC)	6.055996E+000	4.865431E+000	1.873858E+001	3.416568E+001	1.250560E+001	2.125834E+000	7.963815E+000	1.357907E+001
10	o-Xylene(ppbC)	5.355446E-001	0.000000E+000	4.217496E+001	6.372363E+000	0.000000E+000	0.000000E+000	0.000000E+000	5.091713E+001
10	n-Nonane(ppbC)	4.405046E+000	4.573689E+000	2.265062E+001	3.152707E+001	1.158231E+001	1.557928E+000	1.002599E+001	1.367735E+001
10	Isopropylbenzene(ppbC)	6.987543E-001	0.000000E+000	1.280389E+001	2.906446E+001	9.682568E+000	3.109143E+001	7.437798E+000	9.221097E+000
10	n-Propylbenzene(ppbC)	0.000000E+000	6.054461E-001	0.000000E+000	2.267938E+001	0.000000E+000	3.881113E+001	1.834602E+001	1.955803E+001
10	m-Ethyltoluene(ppbC)	1.696167E+000	5.135881E+000	1.995419E+001	3.998080E+001	0.000000E+000	8.229789E+000	1.119542E+001	1.380776E+001
10	p-Ethyltoluene(ppbC)	1.215844E+000	6.045824E+000	1.972945E+001	4.015099E+001	4.232311E+000	6.642095E+000	8.553895E+000	1.342959E+001
10	1,3,5-Trimethylbenzene(ppbC)	9.503271E-001	3.703386E+000	2.287749E+001	3.462817E+001	1.082864E+001	7.351940E+000	1.136574E+001	8.294302E+000
10	o-Ethyltoluene(ppbC)	9.719567E-001	2.961429E+000	2.166018E+001	3.036272E+001	1.798098E+001	7.440352E+000	1.404298E+001	4.579414E+000
10	1,2,4-Trimethylbenzene(ppbC)	1.453267E-001	3.838849E+000	2.100109E+001	3.075707E+001	1.444994E+001	9.073054E+000	1.112341E+001	9.611270E+000
10	n-Decane(ppbC)	1.402666E+000	4.995899E+000	2.409630E+001	2.830484E+001	1.794799E+001	3.261020E-001	1.606870E+001	6.857501E+000
10	1,2,3-Trimethylbenzene(ppbC)	1.019460E+000	1.222004E+000	1.537545E+001	2.566308E+001	1.704556E+001	1.734254E+001	1.584929E+001	6.482611E+000
10	m-Diethylbenzene(ppbC)	1.723915E+000	7.162045E-001	2.767755E+001	2.368707E+001	2.034844E+001	8.157106E+000	1.187705E+001	5.812656E+000
10	p-Diethylbenzene(ppbC)	2.222083E+000	0.000000E+000	2.182353E+001	2.427260E+001	3.013375E+001	5.250731E+000	1.629730E+001	0.000000E+000
10	n-Undecane(ppbC)	1.357165E+000	2.773242E+000	2.090364E+001	3.149931E+001	1.316657E+001	8.307533E+000	1.046458E+001	1.152796E+001
10	n-Dodecane(ppbC)	5.563879E+000	1.007713E+000	1.937535E+001	2.509982E+001	6.034961E+000	7.717934E+000	2.697747E+001	8.222871E+000

Factor Profiles (% of factor total) from Base Run #10 (Convergent Run)

		Factor 1	Factor 2	Factor 3	Factor 4	Factor 5	Factor 6	Factor 7	Factor 8
10	Ethane(ppbC)	2.063610E+000	1.236467E+001	0.000000E+000	3.220494E+000	6.253798E+000	0.000000E+000	6.992699E+000	0.000000E+000
10	Ethylene(ppbC)	0.000000E+000	1.648282E+001	1.680028E+000	3.233422E+000	9.535977E+000	0.000000E+000	0.000000E+000	1.078676E+001
10	Propane(ppbC)	7.225421E+000	1.288617E+001	3.124815E+000	6.289554E+000	4.484952E-002	4.930389E+000	8.162154E+000	3.113663E+000
10	Propylene(ppbC)	0.000000E+000	5.881448E+000	3.558793E+000	0.000000E+000	6.366207E+000	3.831091E+000	3.764202E+000	7.557748E+000
10	Isobutane(ppbC)	8.313212E+000	2.758252E+000	1.814064E+000	2.791253E+000	0.000000E+000	7.777937E+000	4.760679E+000	2.481656E+000
10	n-Butane(ppbC)	1.731446E+001	3.837460E+000	1.984208E+000	3.838105E+000	1.232014E+000	1.090125E+001	1.017672E+001	4.480485E+000
10	Acetylene(ppbC)	1.371974E-001	8.390909E+000	2.232333E+000	4.776790E+000	0.000000E+000	2.602607E+000	1.078502E-001	0.000000E+000
10	t-2-Butene(ppbC)	2.022166E+000	9.051946E-002	7.583887E-001	1.756537E-001	1.280793E+000	4.987322E-001	0.000000E+000	1.062993E-001
10	1-Butene(ppbC)	9.068130E-001	6.554875E-001	1.187790E+000	2.583677E-001	1.603895E+000	9.524105E-001	1.471185E+000	1.089905E-001
10	cis-2-Butene(ppbC)	1.025826E+000	2.354626E-001	3.610950E-001	9.662538E-002	1.128317E+000	2.683939E-002	9.591785E-002	1.632510E-001
10	Cyclopentane(ppbC)	7.752344E-001	4.791573E-001	1.094213E-001	3.506479E-001	1.710430E+000	7.113478E-002	1.086179E+000	4.639927E-001
10	Isopentane(ppbC)	1.842961E+001	1.365711E+000	3.826074E+000	3.425485E+000	2.416635E+000	3.649324E+000	1.328331E+001	6.319098E+000
10	n-Pentane(ppbC)	1.339497E+001	0.000000E+000	2.110842E+000	0.000000E+000	2.652476E+000	0.000000E+000	1.360707E+001	4.467755E+000
10	t-2-Pentene(ppbC)	1.330529E+000	0.000000E+000	7.806527E-001	1.639347E-001	1.860925E+000	4.827307E-001	2.999195E-002	8.542279E-003
10	1-Pentene(ppbC)	2.335786E-001	9.092351E-002	2.606696E-001	5.781693E-002	6.474986E-001	2.720632E-001	2.131054E-001	0.000000E+000
10	cis-2-Pentene(ppbC)	4.685048E-001	1.171333E-002	2.855047E-001	9.198736E-002	6.230828E-001	3.243802E-001	0.000000E+000	4.492828E-002
10	2,2-Dimethylbutane(ppbC)	3.042520E-001	5.394964E-002	1.224350E-001	4.646197E-002	9.097694E-001	7.401542E-002	3.133122E-001	4.418335E-002
10	2,3-Dimethylbutane(ppbC)	8.325878E-001	2.010801E-001	5.574533E-001	4.563884E-001	9.863371E-001	8.748997E-001	4.237658E-001	2.323279E-001
10	2-Methylpentane(ppbC)	3.319458E+000	4.419841E-001	6.231095E-001	1.651087E+000	1.765875E+000	2.104405E+000	9.179576E-001	1.620119E+000
10	3-Methylpentane(ppbC)	2.247222E+000	4.928305E-001	5.722526E-001	1.481264E+000	1.234654E+000	1.919423E+000	6.600683E-001	1.246588E+000
10	Isoprene(ppbC)	1.445996E-001	2.186485E-001	1.706021E+000	0.000000E+000	5.725019E-001	4.588419E+000	0.000000E+000	0.000000E+000
10	Methylcyclopentane(ppbC)	3.976237E+000	3.778630E-001	2.232277E-001	1.451716E+000	4.286140E+000	2.639301E+000	1.778924E+000	2.034842E+000
10	2,4-Dimethylpentane(ppbC)	1.735854E+000	1.325683E+000	6.998468E-001	1.094604E+000	3.623566E+000	2.668429E+000	1.418700E+000	2.789891E+000
10	Benzene(ppbC)	2.614396E-001	3.608980E-001	6.230530E-001	6.408802E-001	6.317890E-001	8.825789E-001	2.723917E-001	3.676307E-001
10	Cyclohexane(ppbC)	7.608960E-001	3.703744E+000	1.606907E+000	3.394618E+000	3.115909E+000	0.000000E+000	2.451308E+000	5.943002E+000
10	2-Methylhexane(ppbC)	6.989827E-001	1.050224E+000	0.000000E+000	4.884693E-001	2.468846E+000	3.021370E-001	3.781224E-001	2.659152E+000
10	2,3-Dimethylpentane(ppbC)	8.441396E-001	7.316118E-001	1.459140E+000	1.786429E+000	9.234987E-001	1.508056E+000	1.517663E-001	9.017603E-001
10	3-Methylhexane(ppbC)	3.337546E-001	3.229328E-001	6.593874E-001	7.940562E-001	3.497889E-001	8.541696E-001	4.674566E-002	3.393097E-001
10	2,2,4-Trimethylpentane(ppbC)	8.565020E-001	6.805391E-001	1.536555E+000	1.730894E+000	1.126667E+000	2.031585E+000	2.217751E-001	1.032837E+000
10	n-Heptane(ppbC)	4.446160E-001	1.449109E+000	2.141752E+000	3.060617E+000	6.609244E-001	2.146584E+000	2.665089E-001	1.096972E+000
10	Methylcyclohexane(ppbC)	1.177063E+000	6.282272E-001	1.236217E+000	1.603229E+000	1.658350E+000	1.837127E+000	4.735647E-001	1.025432E+000
10	2,3,4-Trimethylpentane(ppbC)	8.084204E-001	8.813283E-002	3.487085E-001	4.740646E-001	1.371882E+000	7.862295E-001	4.923227E-001	4.491521E-001
10	Toluene(ppbC)	1.398725E-001	5.633088E-001	1.051098E+000	1.244350E+000	1.849110E-001	1.099091E+000	0.000000E+000	3.041880E-001
10	2-Methylheptane(ppbC)	0.000000E+000	1.464732E+001	2.268611E+001	2.317743E+001	1.182047E+001	7.335342E+000	2.379464E-001	1.542625E+001
10	3-Methylheptane(ppbC)	2.318610E-001	2.557894E-001	5.812938E-001	6.136009E-001	1.007855E+000	7.437291E-001	9.350634E-002	7.084845E-002
10	n-Octane(ppbC)	2.274784E-001	2.179266E-001	5.335449E-001	6.913233E-001	4.724292E-001	9.921873E-001	3.081053E-002	2.434704E-001
10	Ethylbenzene(ppbC)	3.000974E-001	2.620926E-001	7.171381E-001	9.950106E-001	1.170628E+000	3.253259E+000	3.780473E-001	3.940155E-001
10	m,p-Xylene(ppbC)	2.132718E+000	7.899576E-001	2.334782E+000	2.772786E+000	1.373730E+000	4.453560E-001	2.576723E+000	2.703248E+000
10	Styrene(ppbC)	2.864025E+000	2.446697E+000	9.883747E+000	8.413597E+000	7.704954E+000	3.753164E+000	6.202826E+000	6.135165E+000
10	o-Xylene(ppbC)	5.710013E-002	0.000000E+000	5.015220E+000	3.537874E-001	0.000000E+000	0.000000E+000	0.000000E+000	5.186453E+000
10	n-Nonane(ppbC)	8.575660E-001	9.467854E-001	4.918027E+000	3.195959E+000	2.937559E+000	1.132248E+000	3.214562E+000	2.543806E+000
10	Isopropylbenzene(ppbC)	2.556992E-002	0.000000E+000	5.225655E-001	5.538185E-001	4.616041E-001	4.247395E+000	4.482563E-001	3.223684E-001
10	n-Propylbenzene(ppbC)	0.000000E+000	1.394857E-002	0.000000E+000	2.558693E-001	0.000000E+000	3.139206E+000	6.546445E-001	4.048337E-001
10	m-Ethyltoluene(ppbC)	4.984178E-002	1.604751E-001	6.539626E-001	6.117541E-001	0.000000E+000	9.027983E-001	5.418044E-001	3.876262E-001
10	p-Ethyltoluene(ppbC)	9.701956E-002	5.129849E-001	1.755861E+000	1.668315E+000	4.399804E-001	1.978625E+000	1.124146E+000	1.023786E+000
10	1,3,5-Trimethylbenzene(ppbC)	4.715448E-002	1.953964E-001	1.266053E+000	8.947049E-001	7.000003E-001	1.361848E+000	9.288052E-001	3.931830E-001
10	o-Ethyltoluene(ppbC)	4.224194E-002	1.368567E-001	1.049911E+000	6.871285E-001	1.018086E+000	1.207167E+000	1.005156E+000	1.901393E-001
10	1,2,4-Trimethylbenzene(ppbC)	6.141178E-003	1.724945E-001	9.897874E-001	6.767866E-001	7.955119E-001	1.431320E+000	7.741434E-001	3.880183E-001
10	n-Decane(ppbC)	2.209578E-001	8.368282E-001	4.233494E+000	2.321753E+000	3.683368E+000	1.917720E-001	4.168818E+000	1.032015E+000
10	1,2,3-Trimethylbenzene(ppbC)	2.859212E-002	3.644321E-002	4.809476E-001	3.747878E-001	6.228188E-001	1.815791E+000	7.320881E-001	1.736966E-001
10	m-Diethylbenzene(ppbC)	9.902085E-002	4.374371E-002	1.773096E+000	7.084718E-001	1.522707E+000	1.749137E+000	1.123561E+000	3.189705E-001
10	p-Diethylbenzene(ppbC)	2.292517E-002	0.000000E+000	2.511142E-001	1.303974E-001	4.050233E-001	2.022317E-001	2.769143E-001	0.000000E+000
10	n-Undecane(ppbC)	3.608860E-002	7.841392E-002	6.199450E-001	4.361531E-001	4.561256E-001	8.246822E-001	4.582862E-001	2.928567E-001
10	n-Dodecane(ppbC)	1.265627E-001	2.437431E-002	4.915541E-001	2.973028E-001	1.788450E-001	6.553993E-001	1.010663E+000	1.786967E-001
